{
  "asset": {
    "gltfUpAxis": "Z",
    "tilesetVersion": "1.0",
    "version": "1.0"
  },
  "geometricError": 500.0,
  "root": {
    "boundingVolume": {
      "box": [
        -2605323.009356316,
        4743120.402236782,
        3364438.3029319705,
        -737.4073417493723,
        -405.04649930917117,
        0.0,
        81.69542326721161,
        -148.7305902095481,
        -105.85400017529155,
        172.81520677944363,
        -314.61869800737765,
        575.4306498534403
      ]
    },
    "children": [
      {
        "boundingVolume": {
          "box": [
            0.0,
            0.0,
            0.0,
            403.0402298794949,
            0.0,
            0.0,
            0.0,
            200.0,
            0.0,
            0.0,
            0.0,
            302.9839361210164
          ]
        },
        "children": [
          {
            "boundingVolume": {
              "box": [
                0.0,
                0.0,
                0.0,
                403.0402298794949,
                0.0,
                0.0,
                0.0,
                200.0,
                0.0,
                0.0,
                0.0,
                302.9839361210164
              ]
            },
            "content": {
              "uri": "level_4_tile_27195_13302_15.b3dm"
            },
            "refine": "ADD"
          }
        ],
        "geometricError": 400.0,
        "refine": "ADD",
        "transform": [
          -0.8764957244369079,
          -0.4814096436963222,
          0.0,
          0.0,
          -0.4084604845986712,
          0.7436782229854983,
          0.5292473270395894,
          0.0,
          0.25478476713735965,
          -0.4638830193198621,
          0.8484675991583002,
          0.0,
          -2605216.9298567153,
          4743281.590118058,
          3364294.170966985,
          1.0
        ]
      },
      {
        "boundingVolume": {
          "box": [
            0.0,
            0.0,
            0.0,
            583.3891245930425,
            0.0,
            0.0,
            0.0,
            200.0,
            0.0,
            0.0,
            0.0,
            387.3030489957076
          ]
        },
        "children": [
          {
            "boundingVolume": {
              "box": [
                0.0,
                0.0,
                0.0,
                583.3891245930425,
                0.0,
                0.0,
                0.0,
                200.0,
                0.0,
                0.0,
                0.0,
                387.3030489957076
              ]
            },
            "content": {
              "uri": "level_3_tile_13597_6651_14.b3dm"
            },
            "refine": "ADD"
          }
        ],
        "geometricError": 100.75,
        "refine": "ADD",
        "transform": [
          -0.876494880436245,
          -0.4814111803531909,
          0.0,
          0.0,
          -0.40846420834954417,
          0.7436819128237893,
          0.5292392682295315,
          0.0,
          0.2547817008076378,
          -0.463875509129009,
          0.8484726259366709,
          0.0,
          -2605240.680449937,
          4743305.1244121855,
          3364242.9431074997,
          1.0
        ]
      },
      {
        "boundingVolume": {
          "box": [
            0.0,
            0.0,
            0.0,
            830.5219077102322,
            0.0,
            0.0,
            0.0,
            200.0,
            0.0,
            0.0,
            0.0,
            646.7930895598523
          ]
        },
        "children": [
          {
            "boundingVolume": {
              "box": [
                0.0,
                0.0,
                0.0,
                830.5219077102322,
                0.0,
                0.0,
                0.0,
                200.0,
                0.0,
                0.0,
                0.0,
                646.7930895598523
              ]
            },
            "content": {
              "uri": "level_0_tile_1699_831_11.b3dm"
            },
            "refine": "ADD"
          }
        ],
        "geometricError": 16.96,
        "refine": "ADD",
        "transform": [
          -0.8764799509677924,
          -0.4814383611133374,
          0.0,
          0.0,
          -0.4084783082138469,
          0.7436529293734357,
          0.5292691114669941,
          0.0,
          0.2548104536125819,
          -0.463893764867358,
          0.8484540103311072,
          0.0,
          -2605330.6113161407,
          4743120.263995097,
          3364432.649176304,
          1.0
        ]
      },
      {
        "boundingVolume": {
          "box": [
            0.0,
            0.0,
            0.0,
            126.8178446139008,
            0.0,
            0.0,
            0.0,
            200.0,
            0.0,
            0.0,
            0.0,
            403.0426908620896
          ]
        },
        "children": [
          {
            "boundingVolume": {
              "box": [
                0.0,
                0.0,
                0.0,
                126.8178446139008,
                0.0,
                0.0,
                0.0,
                200.0,
                0.0,
                0.0,
                0.0,
                403.0426908620896
              ]
            },
            "content": {
              "uri": "level_2_tile_6799_3325_13.b3dm"
            },
            "refine": "ADD"
          }
        ],
        "geometricError": 45.333333333333336,
        "refine": "ADD",
        "transform": [
          -0.8764216517593508,
          -0.48154448218976736,
          0.0,
          0.0,
          -0.4085768598332191,
          0.7436189586003066,
          0.5292407713120953,
          0.0,
          0.25485297317519606,
          -0.46383807097173946,
          0.8484716883791577,
          0.0,
          -2605959.187046067,
          4742903.593750085,
          3364252.4978310657,
          1.0
        ]
      },
      {
        "boundingVolume": {
          "box": [
            0.0,
            0.0,
            0.0,
            593.3112606061112,
            0.0,
            0.0,
            0.0,
            200.0,
            0.0,
            0.0,
            0.0,
            501.85606242520146
          ]
        },
        "children": [
          {
            "boundingVolume": {
              "box": [
                0.0,
                0.0,
                0.0,
                593.3112606061112,
                0.0,
                0.0,
                0.0,
                200.0,
                0.0,
                0.0,
                0.0,
                501.85606242520146
              ]
            },
            "content": {
              "uri": "level_2_tile_6798_3325_13.b3dm"
            },
            "refine": "ADD"
          }
        ],
        "geometricError": 45.333333333333336,
        "refine": "ADD",
        "transform": [
          -0.8764999141524323,
          -0.48140201546189937,
          0.0,
          0.0,
          -0.4084478380430603,
          0.7436705362294505,
          0.5292678878811293,
          0.0,
          0.25479062794523827,
          -0.463903258291449,
          0.8484547736077913,
          0.0,
          -2605136.268392448,
          4743232.562934899,
          3364424.871144027,
          1.0
        ]
      },
      {
        "boundingVolume": {
          "box": [
            0.0,
            0.0,
            0.0,
            154.65177628420903,
            0.0,
            0.0,
            0.0,
            200.0,
            0.0,
            0.0,
            0.0,
            465.5564786217668
          ]
        },
        "children": [
          {
            "boundingVolume": {
              "box": [
                0.0,
                0.0,
                0.0,
                154.65177628420903,
                0.0,
                0.0,
                0.0,
                200.0,
                0.0,
                0.0,
                0.0,
                465.5564786217668
              ]
            },
            "content": {
              "uri": "level_3_tile_13598_6651_14.b3dm"
            },
            "refine": "ADD"
          }
        ],
        "geometricError": 100.75,
        "refine": "ADD",
        "transform": [
          -0.8764193262138232,
          -0.4815487147100572,
          0.0,
          0.0,
          -0.4085801654170194,
          0.7436164656668701,
          0.5292417221052339,
          0.0,
          0.25485567105071266,
          -0.46383767349171257,
          0.8484710953138512,
          0.0,
          -2605980.2705124104,
          4742887.693479095,
          3364258.5417875494,
          1.0
        ]
      },
      {
        "boundingVolume": {
          "box": [
            0.0,
            0.0,
            0.0,
            569.2112784587492,
            0.0,
            0.0,
            0.0,
            200.0,
            0.0,
            0.0,
            0.0,
            165.93062928554963
          ]
        },
        "children": [
          {
            "boundingVolume": {
              "box": [
                0.0,
                0.0,
                0.0,
                569.2112784587492,
                0.0,
                0.0,
                0.0,
                200.0,
                0.0,
                0.0,
                0.0,
                165.93062928554963
              ]
            },
            "content": {
              "uri": "level_3_tile_13597_6650_14.b3dm"
            },
            "refine": "ADD"
          }
        ],
        "geometricError": 100.75,
        "refine": "ADD",
        "transform": [
          -0.8765005493466641,
          -0.4814008589470899,
          0.0,
          0.0,
          -0.4084273829652444,
          0.7436356185990994,
          0.5293327305154069,
          0.0,
          0.25482123113892535,
          -0.4639604290839238,
          0.8484143211928378,
          0.0,
          -2605005.803103793,
          4743009.853504806,
          3364837.0597095327,
          1.0
        ]
      },
      {
        "boundingVolume": {
          "box": [
            0.0,
            0.0,
            0.0,
            49.10982724768087,
            0.0,
            0.0,
            0.0,
            200.0,
            0.0,
            0.0,
            0.0,
            35.838124857602736
          ]
        },
        "children": [
          {
            "boundingVolume": {
              "box": [
                0.0,
                0.0,
                0.0,
                49.10982724768087,
                0.0,
                0.0,
                0.0,
                200.0,
                0.0,
                0.0,
                0.0,
                35.838124857602736
              ]
            },
            "content": {
              "uri": "level_3_tile_13598_6650_14.b3dm"
            },
            "refine": "ADD"
          }
        ],
        "geometricError": 100.75,
        "refine": "ADD",
        "transform": [
          -0.8764277449783011,
          -0.4815333922297081,
          0.0,
          0.0,
          -0.4085451701397038,
          0.7435835768924407,
          0.5293149422899037,
          0.0,
          0.2548828197187295,
          -0.4639063012544599,
          0.8484254191551759,
          0.0,
          -2605757.0658393404,
          4742677.924370022,
          3364723.984365899,
          1.0
        ]
      },
      {
        "boundingVolume": {
          "box": [
            0.0,
            0.0,
            0.0,
            840.8043762221954,
            0.0,
            0.0,
            0.0,
            200.0,
            0.0,
            0.0,
            0.0,
            675.9928772966273
          ]
        },
        "children": [
          {
            "boundingVolume": {
              "box": [
                0.0,
                0.0,
                0.0,
                840.8043762221954,
                0.0,
                0.0,
                0.0,
                200.0,
                0.0,
                0.0,
                0.0,
                675.9928772966273
              ]
            },
            "content": {
              "uri": "level_1_tile_3399_1662_12.b3dm"
            },
            "refine": "ADD"
          }
        ],
        "geometricError": 25.9375,
        "refine": "ADD",
        "transform": [
          -0.8764805962931782,
          -0.48143718626790216,
          0.0,
          0.0,
          -0.408476955708849,
          0.7436528293277452,
          0.5292702958674995,
          0.0,
          0.25481040201762906,
          -0.4638951445222128,
          0.848453271496038,
          0.0,
          -2605321.9848539713,
          4743119.625889977,
          3364440.1781169577,
          1.0
        ]
      }
    ],
    "geometricError": 500.0,
    "refine": "ADD"
  }
}